izhikevich:
  C: 0.6464694588662032
  a: 0.05815734946320819
  b: 2.3974836487189384
  c: -60.50202306519
  d: 38.06410137021527
  k: 0.20022420441343294
  vpeak: 34.010888943494464
  vr: -60.5
  vt: -35.4
  celltype: 5

   