izhikevich:
  C: 7.635692E-01
  k: 8.616041E-01
  a: 1.628073E-02
  b: 1.270945E+01
  c: -6.729424E+01
  d: 1.132662E+02
  vpeak: 3.708755E+00
  vr: -65.0
  vt: -42.0
  celltype: 5
