izhikevich:
  C: 1.096658911491266
  a: 0.02879182509179578
  b: 2.3505293158155807
  c: -56.132441251876685
  d: 62.00777796898806
  k: 0.3828396115539601
  vpeak: 49.161216957032686
  vr: -75.6
  vt: -30.0
  celltype: 5
