izhikevich:
  C: 0.6484811222370859
  a: 0.1201252356632765
  b: 10.70125638531621
  c: -60.501306223695096
  d: 64.41199798701632
  k: 0.20010673741073914
  vpeak: 33.16391939972669
  vr: -60.5
  vt: -35.4
  celltype: 5

   