izhikevich:
  C: 0.8667036704055796
  a: 0.07899399456243619
  b: -0.359149216055577
  c: -57.0829771826126
  d: 83.79814545296162
  k: 0.8616088065139664
  vpeak: 16.777852615835176
  vpeak: 45.251906182782164
  vr: -65.
  vt: -42.
  celltype: 5
