izhikevich:
  C: 1.3837327860303255
  a: 0.09012974200690368
  b: 12.894413847929433
  c: -57.14847295774657
  d: 74.84574027316502
  k: 0.21055206563451184
  vpeak: 45.251906182782164
  vr: -62.
  vt: -40.
  celltype: 5
