izhikevich:
  C: 6.020105E-01
  k: 2.609638E-01
  a: 1.110613E-02
  b: -1.687452E+00
  c: -5.745687E+01
  d: 7.803509E+01
  vpeak: 1.343802E+01
  vr: -65.0
  vt: -36.6
  celltype: 1
