izhikevich:
  C: 3.537658962594382
  a: 0.04723525918361043
  b: 13.346681534901487
  c: -55.153718187252586
  d: 143.77324700551483
  k: 3.6977558649477595
  vpeak: 5.562244629581131
  vr: -60.0
  vt: -50.5
  celltype: 5
