izhikevich:
  C: 0.7873511135693123
  a: 0.11867490787025742
  b: 2.06771320802806
  c: -57.67294633801264
  d: 83.15398620415323
  k: 1.225008879202767
  vpeak: 2.3912947828255766 
  vr: -62.
  vt: -40.
  celltype: 5
