izhikevich:
  C: 0.7043746582271379
  a: 0.15683733195403962
  b: 3.048368489046706
  c: -56.55047665468407
  d: 87.61652697493233
  k: 0.20017034853055587
  vpeak: 36.41512856558032
  vr: -60.5
  vt: -35.4
  celltype: 5

   