izhikevich:
  C: 1.207089E+00
  k: 6.420871E-01
  a: 7.083969E-02
  b: 1.523325E+00
  c: -6.752414E+01
  d: 7.848158E+01
  vpeak: 2.695891E+01
  vr: -62.0
  vt: -43.1
  celltype: 5
