izhikevich:
  C: 1.397066585378315
  a: 0.03506336607242818
  b: 6.798529079431473
  c: -50.45425432247123
  d: 138.9629488340941
  k: 0.3745261985925917
  vpeak: 11.323434911256356
  vr: -75.6
  vt: -30.0
  celltype: 5
