izhikevich:
  C: 3.451983E-01
  k: 1.984715E-01
  a: 9.320863E-03
  b: -4.002765E-01
  c: -7.336646E+01
  d: 1.482513E+01
  vpeak: 1.187191E+01
  vr: -67.0
  vt: -28.1
  celltype: 1
