izhikevich:
  C: 1.250836548103612
  a: 0.06023333391834317
  b: -0.018850280725656414
  c: -54.369119699208966
  d: 92.21505672023777
  k: 0.39125153278740465
  vpeak: 46.627076143197606
  vr: -75.6
  vt: -30.0
  celltype: 5
