izhikevich:
  C: 1.778332E+00
  k: 9.685839E-01
  a: 1.085241E-02
  b: -1.061970E+00
  c: -6.732183E+01
  d: 9.494513E+01
  vpeak: 1.464917E+00
  vr: -75.6
  vt: -30.0
  celltype: 1
