C: 1.943620E-01
k: 2.693257E-01
a: 1.521027E-02
b: -1.537707E+00
c: -4.007990E+01
d: 3.447836E+01
vpeak: 35.
vr: -62.
vt: -40.
celltype: 5