izhikevich:
  C: 1.8098057878521023
  a: 0.01862741945794198
  b: -1.40465158879283
  c: -53.79203092633047
  d: 144.29960138235123
  k: 0.9566350515705827
  vpeak: 35.28257360023039
  vr: -60.0
  vt: -50.5
  celltype: 5
