izhikevich:
  C: 2.423287E-01
  k: 2.988580E-01
  a: 4.454739E-02
  b: 1.530937E+00
  c: -5.469530E+01
  d: 1.331902E+02
  vpeak: 1.100223E+01
  vr: -75.6
  vt: -30.0
  celltype: 1
