izhikevich:
  C: 1.468247E+00
  k: 3.244168E-01
  a: 1.884546E-02
  b: 1.324972E+01
  c: -4.862356E+01
  d: 2.769802E+01
  vpeak: 4.714170E+01
  vr: -69.7
  vt: -44.3
  celltype: 1
