PinskyRinzel:
  pp: 0.8597846031188965
  Ltotal: 10.191153526306152
  gc: 23.132688522338867
  soma_gmax_Na: 0.19176088273525238
  soma_gmax_K: 0.8793575763702393
  soma_g_pas: 0.002142692217603326
  dend_gmax_Ca: 0.5337753295898438
  dend_gmax_KCa: 0.36265385150909424
  dend_gmax_KAHP: 0.2776346206665039
  dend_g_pas: 0.003835769137367606
  cm_ratio: 7.096730709075928
  dend_d_Caconc: 19.938003540039062
  dend_beta_Caconc: 0.06014730781316757
  dend_aqs_KAHP: 2.0e-05
  dend_bq_KAHP: 0.002
  global_diam: 10.0
  global_cm: 3.0
  e_pas: -64.0
  ic_constant: -0.011522891
  V_rest: -64.0
  V_threshold: -40.0
