PinskyRinzel:
  pp: 0.10031275451183319
  Ltotal: 20.0
  gc: 26.348400115966797
  soma_gmax_Na: 0.4513254463672638
  soma_gmax_K: 0.8945513367652893
  soma_g_pas: 0.009707263670861721
  dend_gmax_Ca: 0.13484565913677216
  dend_gmax_KCa: 0.2531846761703491
  dend_g_pas: 0.003373013809323311
  cm_ratio: 42.39496612548828
  dend_d_Caconc: 19.02228355407715
  dend_beta_Caconc: 0.009999999776482582
  dend_aqs_KAHP: 2e-05
  dend_bq_KAHP: 0.001
  global_diam: 10.0
  global_cm: 3.0
  e_pas: -64.0
  ic_constant: -0.014545901
  V_rest: -64.0
  V_threshold: -40.0
