PinskyRinzel:
  pp: 0.24681666493415833
  Ltotal: 37.29270935058594
  gc: 24.250560760498047
  soma_gmax_Na: 0.47539106011390686
  soma_gmax_K: 0.8655720353126526
  soma_g_pas: 0.006195624824613333
  dend_gmax_Ca: 0.29359862208366394
  dend_gmax_KCa: 0.9181874990463257
  dend_g_pas: 0.0002333181182621047
  cm_ratio: 5.978604316711426
  dend_d_Caconc: 3.197352170944214
  dend_beta_Caconc: 0.012559374794363976
  global_diam: 10.0
  global_cm: 3.0
  e_pas: -62.0
  ic_constant: -0.036545973
  V_rest: -64.0
  V_threshold: -40.0
