PinskyRinzel:
  pp: 0.29103124
  Ltotal: 52.90483
  gc: 19.926744
  soma_gmax_Na: 0.07486647
  soma_gmax_K: 0.028815625
  soma_g_pas: 0.00048368124
  dend_gmax_Ca: 0.0013131875
  dend_gmax_KCa: 0.04658188
  dend_gmax_KAHP: 0.0050947187
  dend_g_pas: 0.00037354376
  dend_d_Caconc: 7.802557
  ic_constant: 0.00190009
  cm_ratio: 1.0
  global_diam:  10.0
  global_cm:  3.0
  V_rest: -64.0
  V_threshold: -43.0
  
