PinskyRinzel:
  pp: 0.38157672
  Ltotal: 27.646307
  gc: 72.726166
  soma_gmax_Na: 0.13152556
  soma_gmax_K: 0.4082804
  soma_g_pas: 0.00065614376
  dend_gmax_Ca: 0.06160094
  dend_gmax_KCa: 0.17235506
  dend_gmax_KAHP: 0.00087923126
  dend_g_pas: 0.00087585626
  dend_d_Caconc: 11.59267
  ic_constant: -0.00742128
  global_diam:  10.0
  global_cm:  3.0
  cm_ratio: 1.0
  e_pas: -64
  V_rest: -64.0
  V_threshold: -43.0
  
