PinskyRinzel:
  pp: 0.51878905
  Ltotal: 31.967188
  gc: 82.90774
  soma_gmax_Na: 0.28539532
  soma_gmax_K: 0.37392452
  soma_g_pas: 2.3354687e-05
  dend_gmax_Ca: 0.03519767
  dend_gmax_KCa: 0.29721245
  dend_gmax_KAHP: 0.0032440515
  dend_g_pas: 1.8817187e-05
  dend_d_Caconc: 14.328125
  cm_ratio: 22.15875
  ic_constant: -0.00708523
  global_diam:  10.0
  global_cm:  1.0
  e_pas: -66
  V_rest: -66.0
  V_threshold: -43.0
  
