PinskyRinzel:
  pp: 0.47596404
  Ltotal: 193.20927
  gc: 17.32164
  soma_gmax_Na: 0.08577361
  soma_gmax_K: 0.014392091
  soma_g_pas: 0.0007190237
  dend_gmax_Ca: 0.0036885415
  dend_gmax_KCa: 0.055588685
  dend_gmax_KAHP: 0.0035703797
  dend_g_pas: 0.0004059177
  ic_constant: -0.00246712
  global_diam:  10.0
  global_cm:  3.0
  dend_d_Caconc: 13.0
  V_rest: -60.0
  V_threshold: -44.0
  
  
  
