PinskyRinzel:
  pp: 0.42316762
  Ltotal: 179.0355
  gc: 17.90604
  soma_gmax_Na: 0.069149435
  soma_gmax_K: 0.026160626
  soma_g_pas: 0.00053970626
  dend_gmax_Ca: 0.0035040283
  dend_gmax_KCa: 0.08415791
  dend_gmax_KAHP: 0.0020809716
  dend_g_pas: 0.00013729375
  dend_d_Caconc: 8.258239
  ic_constant: -0.00438959
  global_diam:  10.0
  global_cm:  3.0
  V_rest: -60.0
  V_threshold: -44.0
  
  
  
