PinskyRinzel:
  pp: 0.25108123
  Ltotal: 73.9233
  gc: 49.918606
  soma_gmax_Na: 0.20536375
  soma_gmax_K: 0.16815643
  soma_g_pas: 0.0005849755
  dend_gmax_Ca: 0.0075657493
  dend_gmax_KCa: 0.21126446
  dend_gmax_KAHP: 0.0020405506
  dend_g_pas: 0.00017573539
  dend_d_Caconc: 14.570752
  dend_bq_KAHP: 0.001
  dend_aqs_KAHP: 2.0e-05
  dend_beta_Caconc: 0.075
  cm_ratio: 4.7106357
  global_diam:  10.0
  global_cm:  3.0
  ic_constant: -0.01335558
  e_pas: -60
  V_rest: -60.0
  V_threshold: -44.0
  
  
  
