PinskyRinzel:
  pp: 0.48483807
  Ltotal: 214.03835
  gc: 79.8781
  soma_gmax_Na: 0.080021024
  soma_gmax_K: 0.06561437
  soma_g_pas: 0.00044689374
  dend_gmax_Ca: 0.007418125
  dend_gmax_KCa: 0.002366875
  dend_gmax_KAHP: 0.0061564376
  dend_g_pas: 0.00019950625
  dend_d_Caconc: 7.3423295
  ic_constant: -0.00620928
  global_diam:  10.0
  global_cm:  3.0
  V_rest: -60.0
  V_threshold: -44.0
  
  
  
