PinskyRinzel:
  Ltotal: 32.36193084716797
  pp: 0.6235914826393127
  gc: 74.07758331298828
  soma_gmax_Na: 0.6439356803894043
  soma_gmax_K: 0.488241046667099
  soma_g_pas: 0.0008093694923445582
  dend_gmax_Ca: 0.0010000000474974513
  dend_gmax_KCa: 1.0e-4
  dend_g_pas: 0.001156505779363215
  dend_beta_Caconc: 0.19980107247829437
  dend_d_Caconc: 0.8553069829940796
  cm_ratio: 40.0
  dend_gmax_KAHP: 146.80784606933594
  global_diam: 10.0
  global_cm: 3.0
  e_pas: -62.0
  ic_constant: 0.0031666888
  V_threshold: -40.0
  V_rest: -66.0
