PinskyRinzel:
  pp: 0.12903444
  Ltotal: 157.22272
  gc: 100.0
  soma_gmax_Na: 0.0393359
  soma_gmax_K: 0.08868382
  soma_g_pas: 0.00025976854
  dend_gmax_Ca: 0.01832632
  dend_gmax_KCa: 0.09355209
  dend_gmax_KAHP: 1.0e-05
  dend_g_pas: 3.179236e-05
  dend_d_Caconc: 5.3249187
  ic_constant: 0.00738999
  global_diam:  10.0
  global_cm:  1.0
  V_rest: -75.
  V_threshold: -45.0
