## Parametric surface extents and other properties

Parametric Surface:
  Minimum Extent:
    GC: [0.03142, -0.7225, -1.95]
    MPP: [-0.0502, -0.7225, 1.]
    LPP: [-0.0502, -0.7225, 2.]
    MC: [0.03142, -0.7225, -3.95]
    NGFC: [-0.0502, -0.7225, 1.]
    AAC: [-0.0502, -0.7225, -3.95],
    BC: [-0.0502, -0.7225, -3.95]
    MOPP: [-0.0502, -0.7225, 0.]
    HCC: [0.03142, -0.7225, -3.95]
    HC: [0.03142, -0.7225, -3.95]
    IS: [0.03142, -0.7225, -3.95]
  Maximum Extent:
    GC: [3.0787, 4.4767, 0.]
    MEC: [3.1730, 4.4767, 2.]
    LEC: [3.1730, 4.4767, 3.1]
    MC: [3.0787, 4.4767, -1.95],
    NGFC: [3.1730, 4.4767, 3.1],
    AAC: [3.1730, 4.4767, 1.],
    BC: [3.1730, 4.4767, 1.],
    MOPP: [3.1730, 4.4767, 3.1],
    HCC: [3.0787, 4.4767, 0.],
    HC: [3.0787, 4.4767, -1.95],
    IS: [3.0787, 4.4767, -1.95]
